         8          0.000002261
        16          0.000002230
        32          0.000002243
        64          0.000002242
       128          0.000002823
       256          0.000002925
       512          0.000002991
      1024          0.000002964
      2048          0.000003101
      4096          0.000003270
      8192          0.000003650
     16384          0.000004218
     32768          0.000008356
     65536          0.000009402
    131072          0.000012053
    262144          0.000019950
    524288          0.000042086
   1048576          0.000050569
   2097152          0.000093890
   4194304          0.000180925
   8388608          0.000357032
  16777216          0.000704683
  33554432          0.001404146
  67108864          0.002834880
 134217728          0.005624608
 268435456          0.011244526
 536870912          0.022476799
1073741824          0.044933789