         8          0.000001755
        16          0.000001048
        32          0.000001007
        64          0.000001055
       128          0.000001072
       256          0.000001236
       512          0.000001688
      1024          0.000002033
      2048          0.000002937
      4096          0.000004299
      8192          0.000003960
     16384          0.000006047
     32768          0.000010511
     65536          0.000019789
    131072          0.000038292
    262144          0.000074046
    524288          0.000146670
   1048576          0.000291239
   2097152          0.000579597
   4194304          0.001156609
   8388608          0.002231966
  16777216          0.003048535
  33554432          0.004611422
  67108864          0.007784937
 134217728          0.014157247
 268435456          0.027006670
 536870912          0.052625096
1073741824          0.103297231